================================================================================
Please follow below - made by yeolip.yoon@lge.com
this tool is support stereo calibration using both image or camera param.
if you want to use camear data,
 please set up json(camera intrinsic, extrinsic param) and path of points(pattern 3d coordinate and L/R image coordinate)
go to #2
if you want to test images based on designed camear data,
 please make folder and make subfolder name about LEFT and RIGHT. and copy left,right image to each folder
go to #3
================================================================================
#2   stereo_align.py [path_of_image] [json file] [path of csv]
ex2) stereo_align.py ./input_sm/ ./input_sm/stereo_config2.json ./input_sm/

ex3) stereo_align.py ./input_lgit/ ./input_lgit/stereo_config_33_2_1.json ./input_lgit/
#3   stereo_align.py [path_of_image] [json file] 
ex2) stereo_align.py ./image33/ ./input_sm/stereo_config2.json 

================================================================================
['D:\\Project\\HET\\calibration\\python_rmse\\build\\exe.win-amd64-3.6\\check\\check2', 'D:\\Project\\HET\\calibration\\python_rmse\\build\\exe.win-amd64-3.6\\check\\check2\\stereo_config_hiphong.json', '1'] ['D:\\Project\\HET\\calibration\\python_rmse\\build\\exe.win-amd64-3.6\\check\\check2\\stereo_config_hiphong.json', '1']
<class 'numpy.ndarray'>
argv1 D:\Project\HET\calibration\python_rmse\build\exe.win-amd64-3.6\check\check2 argc 4
argv2 D:\Project\HET\calibration\python_rmse\build\exe.win-amd64-3.6\check\check2\stereo_config_hiphong.json 4
/////////calc_rmse_using_both_points_and_camera_param////////////
['D:\\Project\\HET\\calibration\\python_rmse\\build\\exe.win-amd64-3.6\\check\\check2\\p_from_img000.csv', 'D:\\Project\\HET\\calibration\\python_rmse\\build\\exe.win-amd64-3.6\\check\\check2\\p_from_img001.csv', 'D:\\Project\\HET\\calibration\\python_rmse\\build\\exe.win-amd64-3.6\\check\\check2\\p_from_img002.csv', 'D:\\Project\\HET\\calibration\\python_rmse\\build\\exe.win-amd64-3.6\\check\\check2\\p_from_img003.csv', 'D:\\Project\\HET\\calibration\\python_rmse\\build\\exe.win-amd64-3.6\\check\\check2\\p_from_img004.csv', 'D:\\Project\\HET\\calibration\\python_rmse\\build\\exe.win-amd64-3.6\\check\\check2\\p_from_img005.csv', 'D:\\Project\\HET\\calibration\\python_rmse\\build\\exe.win-amd64-3.6\\check\\check2\\p_from_img006.csv', 'D:\\Project\\HET\\calibration\\python_rmse\\build\\exe.win-amd64-3.6\\check\\check2\\p_from_img007.csv', 'D:\\Project\\HET\\calibration\\python_rmse\\build\\exe.win-amd64-3.6\\check\\check2\\p_from_img008.csv', 'D:\\Project\\HET\\calibration\\python_rmse\\build\\exe.win-amd64-3.6\\check\\check2\\p_from_img009.csv', 'D:\\Project\\HET\\calibration\\python_rmse\\build\\exe.win-amd64-3.6\\check\\check2\\p_from_img010.csv', 'D:\\Project\\HET\\calibration\\python_rmse\\build\\exe.win-amd64-3.6\\check\\check2\\p_from_img011.csv', 'D:\\Project\\HET\\calibration\\python_rmse\\build\\exe.win-amd64-3.6\\check\\check2\\p_from_img012.csv', 'D:\\Project\\HET\\calibration\\python_rmse\\build\\exe.win-amd64-3.6\\check\\check2\\p_from_img013.csv', 'D:\\Project\\HET\\calibration\\python_rmse\\build\\exe.win-amd64-3.6\\check\\check2\\p_from_img014.csv', 'D:\\Project\\HET\\calibration\\python_rmse\\build\\exe.win-amd64-3.6\\check\\check2\\p_from_img015.csv']
0
<class 'list'>
<class 'numpy.ndarray'>
1
<class 'list'>
<class 'numpy.ndarray'>
2
<class 'list'>
<class 'numpy.ndarray'>
3
<class 'list'>
<class 'numpy.ndarray'>
4
<class 'list'>
<class 'numpy.ndarray'>
5
<class 'list'>
<class 'numpy.ndarray'>
6
<class 'list'>
<class 'numpy.ndarray'>
7
<class 'list'>
<class 'numpy.ndarray'>
8
<class 'list'>
<class 'numpy.ndarray'>
9
<class 'list'>
<class 'numpy.ndarray'>
10
<class 'list'>
<class 'numpy.ndarray'>
11
<class 'list'>
<class 'numpy.ndarray'>
12
<class 'list'>
<class 'numpy.ndarray'>
13
<class 'list'>
<class 'numpy.ndarray'>
14
<class 'list'>
<class 'numpy.ndarray'>
15
<class 'list'>
<class 'numpy.ndarray'>
w_T_c [0.0, 0.0, 0.0]
w_eulerxyz_c [0. 0. 0.]
w_T_c [-0.09218901546647149, -0.001742188143068759, -0.0035733155834719115]
w_eulerxyz_c [0.00072798 0.00023912 0.00052896]
{0: {'f': array([-1455.87474649, -1455.87474649]), 'o': array([643.86113854, 483.96798297]), 'skew': 0, 'k': array([-0.08460586, -0.40341184,  0.        ,  0.        ,  0.        ]), 'c_Rt_w': array([[1., 0., 0., 0.],
       [0., 1., 0., 0.],
       [0., 0., 1., 0.],
       [0., 0., 0., 1.]])}, 1: {'f': array([-1467.02035509, -1467.02035509]), 'o': array([641.99029352, 487.42331091]), 'skew': 0, 'k': array([-0.07919282, -0.42327817,  0.        ,  0.        ,  0.        ]), 'c_Rt_w': array([[ 9.99999595e-01,  5.28958924e-04, -7.27854998e-04,
         9.21872988e-02],
       [-5.28784721e-04,  9.99999832e-01,  2.39508757e-04,
         1.69429555e-03],
       [ 7.27981566e-04, -2.39123781e-04,  9.99999706e-01,
         3.64000984e-03],
       [ 0.00000000e+00,  0.00000000e+00,  0.00000000e+00,
         1.00000000e+00]])}}
16
16
16
1.0


 &&&&&&&&&& result &&&&&&&&&&&&&&&&&&&&&&&&&&&&&&&&&&&&&&&&

	calc 0 
R<-L    Extrinsic RT
 [[1. 0. 0. 0.]
 [0. 1. 0. 0.]
 [0. 0. 1. 0.]
 [0. 0. 0. 1.]]
L<-M    Extrinsic RT
 [[ 1.   0.   0.   0.3]
 [ 0.   1.  -0.   0.2]
 [ 0.   0.   1.   1. ]
 [ 0.   0.   0.   1. ]]
R<-L<-M Extrinsic RT
 [[1.  0.  0.  0.3]
 [0.  1.  0.  0.2]
 [0.  0.  1.  1. ]
 [0.  0.  0.  1. ]]
R<-L<-M * M_points (0,0,0)
 [[0.3  0.2  1.   1.  ]
 [0.27 0.2  1.   1.  ]
 [0.24 0.2  1.   1.  ]
 [0.21 0.2  1.   1.  ]
 [0.18 0.2  1.   1.  ]]
above/Z
 [[0.3  0.2 ]
 [0.27 0.2 ]
 [0.24 0.2 ]
 [0.21 0.2 ]
 [0.18 0.2 ]]
norm
 [0.36055513 0.33600595 0.31240999 0.29       0.26907248]
reproject_point
 [[214.88025796 197.98072925]
 [256.55098556 197.07157406]
 [298.67917511 196.31634838]
 [341.17518616 195.69564246]
 [383.96304738 195.19233043]]

	calc 1 
R<-L    Extrinsic RT
 [[ 9.99999595e-01  5.28958924e-04 -7.27854998e-04  9.21872988e-02]
 [-5.28784721e-04  9.99999832e-01  2.39508757e-04  1.69429555e-03]
 [ 7.27981566e-04 -2.39123781e-04  9.99999706e-01  3.64000984e-03]
 [ 0.00000000e+00  0.00000000e+00  0.00000000e+00  1.00000000e+00]]
L<-M    Extrinsic RT
 [[ 1.   0.   0.   0.3]
 [ 0.   1.  -0.   0.2]
 [ 0.   0.   1.   1. ]
 [ 0.   0.   0.   1. ]]
R<-L<-M Extrinsic RT
 [[ 9.99999595e-01  5.28958924e-04 -7.27854998e-04  3.91565114e-01]
 [-5.28784721e-04  9.99999832e-01  2.39508757e-04  2.01775135e-01]
 [ 7.27981566e-04 -2.39123781e-04  9.99999706e-01  1.00381029e+00]
 [ 0.00000000e+00  0.00000000e+00  0.00000000e+00  1.00000000e+00]]
R<-L<-M * M_points (0,0,0)
 [[0.39156511 0.20177514 1.00381029 1.        ]
 [0.36156513 0.201791   1.00378845 1.        ]
 [0.33156514 0.20180686 1.00376661 1.        ]
 [0.30156515 0.20182273 1.00374477 1.        ]
 [0.27156517 0.20183859 1.00372293 1.        ]]
above/Z
 [[0.3900788  0.20100923]
 [0.36020053 0.20102941]
 [0.33032095 0.20104959]
 [0.30044007 0.20106977]
 [0.2705579  0.20108995]]
norm
 [0.43882364 0.4125012  0.3866948  0.36151526 0.33710346]
reproject_point
 [[ 87.44556443 201.66410094]
 [127.16539742 200.09739865]
 [167.72758199 198.76368355]
 [208.98695562 197.63546639]
 [250.81790363 196.6876297 ]]
result
 [259.91972983 112.11927686 281.34903886 114.32841984 302.42080047
 116.38366382 323.02482605 118.40436365 343.53701365 120.20766347
 363.52110213 121.80843691 383.33122198 123.81918789 402.6120528
 125.35025926 421.40212665 127.20957023 439.23445341 129.10290265]

	calc 0 
R<-L    Extrinsic RT
 [[1. 0. 0. 0.]
 [0. 1. 0. 0.]
 [0. 0. 1. 0.]
 [0. 0. 0. 1.]]
L<-M    Extrinsic RT
 [[ 1.00000000e+00  0.00000000e+00  1.49011612e-08  3.00000000e-01]
 [ 0.00000000e+00  1.00000000e+00 -0.00000000e+00  2.00000000e-01]
 [-1.49011612e-08  0.00000000e+00  1.00000000e+00  1.00000000e+00]
 [ 0.00000000e+00  0.00000000e+00  0.00000000e+00  1.00000000e+00]]
R<-L<-M Extrinsic RT
 [[ 1.00000000e+00  0.00000000e+00  1.49011612e-08  3.00000000e-01]
 [ 0.00000000e+00  1.00000000e+00  0.00000000e+00  2.00000000e-01]
 [-1.49011612e-08  0.00000000e+00  1.00000000e+00  1.00000000e+00]
 [ 0.00000000e+00  0.00000000e+00  0.00000000e+00  1.00000000e+00]]
R<-L<-M * M_points (0,0,0)
 [[0.3  0.2  1.   1.  ]
 [0.27 0.2  1.   1.  ]
 [0.24 0.2  1.   1.  ]
 [0.21 0.2  1.   1.  ]
 [0.18 0.2  1.   1.  ]]
above/Z
 [[0.3  0.2 ]
 [0.27 0.2 ]
 [0.24 0.2 ]
 [0.21 0.2 ]
 [0.18 0.2 ]]
norm
 [0.36055513 0.33600595 0.31240999 0.29       0.26907248]
reproject_point
 [[214.88025796 197.98072925]
 [256.55098572 197.07157418]
 [298.67917541 196.31634863]
 [341.17518656 195.69564283]
 [383.96304784 195.19233093]]

	calc 1 
R<-L    Extrinsic RT
 [[ 9.99999595e-01  5.28958924e-04 -7.27854998e-04  9.21872988e-02]
 [-5.28784721e-04  9.99999832e-01  2.39508757e-04  1.69429555e-03]
 [ 7.27981566e-04 -2.39123781e-04  9.99999706e-01  3.64000984e-03]
 [ 0.00000000e+00  0.00000000e+00  0.00000000e+00  1.00000000e+00]]
L<-M    Extrinsic RT
 [[ 1.00000000e+00  0.00000000e+00  1.49011612e-08  3.00000000e-01]
 [ 0.00000000e+00  1.00000000e+00 -0.00000000e+00  2.00000000e-01]
 [-1.49011612e-08  0.00000000e+00  1.00000000e+00  1.00000000e+00]
 [ 0.00000000e+00  0.00000000e+00  0.00000000e+00  1.00000000e+00]]
R<-L<-M Extrinsic RT
 [[ 9.99999595e-01  5.28958924e-04 -7.27840097e-04  3.91565114e-01]
 [-5.28784725e-04  9.99999832e-01  2.39508749e-04  2.01775135e-01]
 [ 7.27966665e-04 -2.39123781e-04  9.99999706e-01  1.00381029e+00]
 [ 0.00000000e+00  0.00000000e+00  0.00000000e+00  1.00000000e+00]]
R<-L<-M * M_points (0,0,0)
 [[0.39156511 0.20177514 1.00381029 1.        ]
 [0.36156513 0.201791   1.00378845 1.        ]
 [0.33156514 0.20180686 1.00376661 1.        ]
 [0.30156515 0.20182273 1.00374477 1.        ]
 [0.27156517 0.20183859 1.00372293 1.        ]]
above/Z
 [[0.3900788  0.20100923]
 [0.36020053 0.20102941]
 [0.33032095 0.20104959]
 [0.30044007 0.20106977]
 [0.2705579  0.20108995]]
norm
 [0.43882364 0.4125012  0.3866948  0.36151526 0.33710346]
reproject_point
 [[ 87.44556443 201.66410094]
 [127.16539763 200.09739877]
 [167.72758239 198.76368379]
 [208.98695617 197.63546676]
 [250.8179043  196.68763019]]
result
 [259.91972983 112.11927686 281.34903869 114.32841971 302.42080017
 116.38366357 323.02482565 118.40436327 343.5370132  120.20766296
 363.52110166 121.80843627 383.33122152 123.81918712 402.61205239
 125.35025836 421.40212634 127.2095692  439.23445324 129.10290149]

	calc 0 
R<-L    Extrinsic RT
 [[1. 0. 0. 0.]
 [0. 1. 0. 0.]
 [0. 0. 1. 0.]
 [0. 0. 0. 1.]]
L<-M    Extrinsic RT
 [[ 1.00000000e+00  0.00000000e+00  0.00000000e+00  3.00000000e-01]
 [ 0.00000000e+00  1.00000000e+00 -1.49011612e-08  2.00000000e-01]
 [ 0.00000000e+00  1.49011612e-08  1.00000000e+00  1.00000000e+00]
 [ 0.00000000e+00  0.00000000e+00  0.00000000e+00  1.00000000e+00]]
R<-L<-M Extrinsic RT
 [[ 1.00000000e+00  0.00000000e+00  0.00000000e+00  3.00000000e-01]
 [ 0.00000000e+00  1.00000000e+00 -1.49011612e-08  2.00000000e-01]
 [ 0.00000000e+00  1.49011612e-08  1.00000000e+00  1.00000000e+00]
 [ 0.00000000e+00  0.00000000e+00  0.00000000e+00  1.00000000e+00]]
R<-L<-M * M_points (0,0,0)
 [[0.3  0.2  1.   1.  ]
 [0.27 0.2  1.   1.  ]
 [0.24 0.2  1.   1.  ]
 [0.21 0.2  1.   1.  ]
 [0.18 0.2  1.   1.  ]]
above/Z
 [[0.3  0.2 ]
 [0.27 0.2 ]
 [0.24 0.2 ]
 [0.21 0.2 ]
 [0.18 0.2 ]]
norm
 [0.36055513 0.33600595 0.31240999 0.29       0.26907248]
reproject_point
 [[214.88025796 197.98072925]
 [256.55098556 197.07157406]
 [298.67917511 196.31634838]
 [341.17518616 195.69564246]
 [383.96304738 195.19233043]]

	calc 1 
R<-L    Extrinsic RT
 [[ 9.99999595e-01  5.28958924e-04 -7.27854998e-04  9.21872988e-02]
 [-5.28784721e-04  9.99999832e-01  2.39508757e-04  1.69429555e-03]
 [ 7.27981566e-04 -2.39123781e-04  9.99999706e-01  3.64000984e-03]
 [ 0.00000000e+00  0.00000000e+00  0.00000000e+00  1.00000000e+00]]
L<-M    Extrinsic RT
 [[ 1.00000000e+00  0.00000000e+00  0.00000000e+00  3.00000000e-01]
 [ 0.00000000e+00  1.00000000e+00 -1.49011612e-08  2.00000000e-01]
 [ 0.00000000e+00  1.49011612e-08  1.00000000e+00  1.00000000e+00]
 [ 0.00000000e+00  0.00000000e+00  0.00000000e+00  1.00000000e+00]]
R<-L<-M Extrinsic RT
 [[ 9.99999595e-01  5.28958913e-04 -7.27855006e-04  3.91565114e-01]
 [-5.28784721e-04  9.99999832e-01  2.39493856e-04  2.01775135e-01]
 [ 7.27981566e-04 -2.39108880e-04  9.99999706e-01  1.00381029e+00]
 [ 0.00000000e+00  0.00000000e+00  0.00000000e+00  1.00000000e+00]]
R<-L<-M * M_points (0,0,0)
 [[0.39156511 0.20177514 1.00381029 1.        ]
 [0.36156513 0.201791   1.00378845 1.        ]
 [0.33156514 0.20180686 1.00376661 1.        ]
 [0.30156515 0.20182273 1.00374477 1.        ]
 [0.27156517 0.20183859 1.00372293 1.        ]]
above/Z
 [[0.3900788  0.20100923]
 [0.36020053 0.20102941]
 [0.33032095 0.20104959]
 [0.30044007 0.20106977]
 [0.2705579  0.20108995]]
norm
 [0.43882364 0.4125012  0.3866948  0.36151526 0.33710346]
reproject_point
 [[ 87.44556443 201.66410094]
 [127.16539742 200.09739865]
 [167.72758199 198.76368355]
 [208.98695562 197.63546639]
 [250.81790363 196.6876297 ]]
result
 [259.91972983 112.11927686 281.34903886 114.32841984 302.42080047
 116.38366382 323.02482605 118.40436365 343.53701365 120.20766347
 363.52110213 121.80843691 383.33122198 123.81918789 402.6120528
 125.35025926 421.40212665 127.20957023 439.23445341 129.10290265]

	calc 0 
R<-L    Extrinsic RT
 [[1. 0. 0. 0.]
 [0. 1. 0. 0.]
 [0. 0. 1. 0.]
 [0. 0. 0. 1.]]
L<-M    Extrinsic RT
 [[ 1.00000000e+00 -1.49011612e-08  0.00000000e+00  3.00000000e-01]
 [ 1.49011612e-08  1.00000000e+00 -0.00000000e+00  2.00000000e-01]
 [ 0.00000000e+00  0.00000000e+00  1.00000000e+00  1.00000000e+00]
 [ 0.00000000e+00  0.00000000e+00  0.00000000e+00  1.00000000e+00]]
R<-L<-M Extrinsic RT
 [[ 1.00000000e+00 -1.49011612e-08  0.00000000e+00  3.00000000e-01]
 [ 1.49011612e-08  1.00000000e+00  0.00000000e+00  2.00000000e-01]
 [ 0.00000000e+00  0.00000000e+00  1.00000000e+00  1.00000000e+00]
 [ 0.00000000e+00  0.00000000e+00  0.00000000e+00  1.00000000e+00]]
R<-L<-M * M_points (0,0,0)
 [[0.3  0.2  1.   1.  ]
 [0.27 0.2  1.   1.  ]
 [0.24 0.2  1.   1.  ]
 [0.21 0.2  1.   1.  ]
 [0.18 0.2  1.   1.  ]]
above/Z
 [[0.3  0.2 ]
 [0.27 0.2 ]
 [0.24 0.2 ]
 [0.21 0.2 ]
 [0.18 0.2 ]]
norm
 [0.36055513 0.33600595 0.31240999 0.29       0.26907248]
reproject_point
 [[214.88025796 197.98072925]
 [256.55098554 197.07157469]
 [298.67917509 196.31634965]
 [341.17518614 195.69564437]
 [383.96304736 195.19233298]]

	calc 1 
R<-L    Extrinsic RT
 [[ 9.99999595e-01  5.28958924e-04 -7.27854998e-04  9.21872988e-02]
 [-5.28784721e-04  9.99999832e-01  2.39508757e-04  1.69429555e-03]
 [ 7.27981566e-04 -2.39123781e-04  9.99999706e-01  3.64000984e-03]
 [ 0.00000000e+00  0.00000000e+00  0.00000000e+00  1.00000000e+00]]
L<-M    Extrinsic RT
 [[ 1.00000000e+00 -1.49011612e-08  0.00000000e+00  3.00000000e-01]
 [ 1.49011612e-08  1.00000000e+00 -0.00000000e+00  2.00000000e-01]
 [ 0.00000000e+00  0.00000000e+00  1.00000000e+00  1.00000000e+00]
 [ 0.00000000e+00  0.00000000e+00  0.00000000e+00  1.00000000e+00]]
R<-L<-M Extrinsic RT
 [[ 9.99999595e-01  5.28944023e-04 -7.27854998e-04  3.91565114e-01]
 [-5.28769820e-04  9.99999832e-01  2.39508757e-04  2.01775135e-01]
 [ 7.27981562e-04 -2.39123792e-04  9.99999706e-01  1.00381029e+00]
 [ 0.00000000e+00  0.00000000e+00  0.00000000e+00  1.00000000e+00]]
R<-L<-M * M_points (0,0,0)
 [[0.39156511 0.20177514 1.00381029 1.        ]
 [0.36156513 0.201791   1.00378845 1.        ]
 [0.33156514 0.20180686 1.00376661 1.        ]
 [0.30156515 0.20182272 1.00374477 1.        ]
 [0.27156517 0.20183859 1.00372293 1.        ]]
above/Z
 [[0.3900788  0.20100923]
 [0.36020053 0.20102941]
 [0.33032095 0.20104959]
 [0.30044007 0.20106976]
 [0.2705579  0.20108994]]
norm
 [0.43882364 0.4125012  0.3866948  0.36151526 0.33710346]
reproject_point
 [[ 87.44556443 201.66410094]
 [127.1653974  200.09739928]
 [167.72758196 198.7636848 ]
 [208.98695558 197.63546829]
 [250.81790358 196.68763223]]
result
 [259.91972983 112.11927686 281.34903887 114.3284192  302.42080049
 116.38366255 323.02482607 118.40436174 343.53701368 120.20766092
 363.52110216 121.80843371 383.331222   123.81918404 402.61205282
 125.35025477 421.40212666 127.20956509 439.23445342 129.10289687]

	calc 0 
R<-L    Extrinsic RT
 [[1. 0. 0. 0.]
 [0. 1. 0. 0.]
 [0. 0. 1. 0.]
 [0. 0. 0. 1.]]
L<-M    Extrinsic RT
 [[ 1.          0.          0.          0.30000001]
 [ 0.          1.         -0.          0.2       ]
 [ 0.          0.          1.          1.        ]
 [ 0.          0.          0.          1.        ]]
R<-L<-M Extrinsic RT
 [[1.         0.         0.         0.30000001]
 [0.         1.         0.         0.2       ]
 [0.         0.         1.         1.        ]
 [0.         0.         0.         1.        ]]
R<-L<-M * M_points (0,0,0)
 [[0.30000001 0.2        1.         1.        ]
 [0.27000002 0.2        1.         1.        ]
 [0.24000002 0.2        1.         1.        ]
 [0.21000001 0.2        1.         1.        ]
 [0.18000002 0.2        1.         1.        ]]
above/Z
 [[0.30000001 0.2       ]
 [0.27000002 0.2       ]
 [0.24000002 0.2       ]
 [0.21000001 0.2       ]
 [0.18000002 0.2       ]]
norm
 [0.36055514 0.33600596 0.31241    0.29000001 0.26907249]
reproject_point
 [[214.88023739 197.98072974]
 [256.55096474 197.07157447]
 [298.67915409 196.31634872]
 [341.17516498 195.69564274]
 [383.96302607 195.19233065]]

	calc 1 
R<-L    Extrinsic RT
 [[ 9.99999595e-01  5.28958924e-04 -7.27854998e-04  9.21872988e-02]
 [-5.28784721e-04  9.99999832e-01  2.39508757e-04  1.69429555e-03]
 [ 7.27981566e-04 -2.39123781e-04  9.99999706e-01  3.64000984e-03]
 [ 0.00000000e+00  0.00000000e+00  0.00000000e+00  1.00000000e+00]]
L<-M    Extrinsic RT
 [[ 1.          0.          0.          0.30000001]
 [ 0.          1.         -0.          0.2       ]
 [ 0.          0.          1.          1.        ]
 [ 0.          0.          0.          1.        ]]
R<-L<-M Extrinsic RT
 [[ 9.99999595e-01  5.28958924e-04 -7.27854998e-04  3.91565129e-01]
 [-5.28784721e-04  9.99999832e-01  2.39508757e-04  2.01775135e-01]
 [ 7.27981566e-04 -2.39123781e-04  9.99999706e-01  1.00381029e+00]
 [ 0.00000000e+00  0.00000000e+00  0.00000000e+00  1.00000000e+00]]
R<-L<-M * M_points (0,0,0)
 [[0.39156513 0.20177514 1.00381029 1.        ]
 [0.36156514 0.201791   1.00378845 1.        ]
 [0.33156515 0.20180686 1.00376661 1.        ]
 [0.30156516 0.20182273 1.00374477 1.        ]
 [0.27156518 0.20183859 1.00372293 1.        ]]
above/Z
 [[0.39007882 0.20100923]
 [0.36020054 0.20102941]
 [0.33032097 0.20104959]
 [0.30044008 0.20106977]
 [0.27055791 0.20108995]]
norm
 [0.43882365 0.41250122 0.38669481 0.36151528 0.33710347]
reproject_point
 [[ 87.44554494 201.66410178]
 [127.16537747 200.09739937]
 [167.72756166 198.76368416]
 [208.98693498 197.63546691]
 [250.81788273 196.68763013]]
result
 [259.9197504  112.11927636 281.34905968 114.32841942 302.4208215
 116.38366348 323.02484723 118.40436337 343.53703497 120.20766324
 363.52112355 121.80843673 383.33124346 123.81918775 402.61207434
 125.35025916 421.40214822 127.20957016 439.23447501 129.10290262]

	calc 0 
R<-L    Extrinsic RT
 [[1. 0. 0. 0.]
 [0. 1. 0. 0.]
 [0. 0. 1. 0.]
 [0. 0. 0. 1.]]
L<-M    Extrinsic RT
 [[ 1.          0.          0.          0.3       ]
 [ 0.          1.         -0.          0.20000001]
 [ 0.          0.          1.          1.        ]
 [ 0.          0.          0.          1.        ]]
R<-L<-M Extrinsic RT
 [[1.         0.         0.         0.3       ]
 [0.         1.         0.         0.20000001]
 [0.         0.         1.         1.        ]
 [0.         0.         0.         1.        ]]
R<-L<-M * M_points (0,0,0)
 [[0.3        0.20000001 1.         1.        ]
 [0.27       0.20000001 1.         1.        ]
 [0.24       0.20000001 1.         1.        ]
 [0.21       0.20000001 1.         1.        ]
 [0.18       0.20000001 1.         1.        ]]
above/Z
 [[0.3        0.20000001]
 [0.27       0.20000001]
 [0.24       0.20000001]
 [0.21       0.20000001]
 [0.18       0.20000001]]
norm
 [0.36055514 0.33600596 0.31241    0.29000001 0.26907249]
reproject_point
 [[214.88025845 197.98070827]
 [256.55098597 197.07155299]
 [298.67917545 196.31632724]
 [341.17518644 195.69562124]
 [383.96304761 195.19230916]]

	calc 1 
R<-L    Extrinsic RT
 [[ 9.99999595e-01  5.28958924e-04 -7.27854998e-04  9.21872988e-02]
 [-5.28784721e-04  9.99999832e-01  2.39508757e-04  1.69429555e-03]
 [ 7.27981566e-04 -2.39123781e-04  9.99999706e-01  3.64000984e-03]
 [ 0.00000000e+00  0.00000000e+00  0.00000000e+00  1.00000000e+00]]
L<-M    Extrinsic RT
 [[ 1.          0.          0.          0.3       ]
 [ 0.          1.         -0.          0.20000001]
 [ 0.          0.          1.          1.        ]
 [ 0.          0.          0.          1.        ]]
R<-L<-M Extrinsic RT
 [[ 9.99999595e-01  5.28958924e-04 -7.27854998e-04  3.91565114e-01]
 [-5.28784721e-04  9.99999832e-01  2.39508757e-04  2.01775150e-01]
 [ 7.27981566e-04 -2.39123781e-04  9.99999706e-01  1.00381029e+00]
 [ 0.00000000e+00  0.00000000e+00  0.00000000e+00  1.00000000e+00]]
R<-L<-M * M_points (0,0,0)
 [[0.39156511 0.20177515 1.00381029 1.        ]
 [0.36156513 0.20179101 1.00378845 1.        ]
 [0.33156514 0.20180688 1.00376661 1.        ]
 [0.30156515 0.20182274 1.00374477 1.        ]
 [0.27156517 0.2018386  1.00372293 1.        ]]
above/Z
 [[0.3900788  0.20100925]
 [0.36020053 0.20102942]
 [0.33032095 0.2010496 ]
 [0.30044007 0.20106978]
 [0.2705579  0.20108996]]
norm
 [0.43882364 0.41250121 0.38669481 0.36151527 0.33710347]
reproject_point
 [[ 87.44556524 201.66408026]
 [127.16539811 200.09737783]
 [167.72758258 198.76366259]
 [208.98695611 197.63544533]
 [250.81790404 196.68760854]]
result
 [259.91972934 112.11929784 281.34903845 114.32844091 302.42080013
 116.38368497 323.02482577 118.40438486 343.53701343 120.20768473
 363.52110196 121.80845822 383.33122184 123.81920923 402.6120527
 125.35028063 421.40212658 127.20959162 439.23445338 129.10292405]

	calc 0 
R<-L    Extrinsic RT
 [[1. 0. 0. 0.]
 [0. 1. 0. 0.]
 [0. 0. 1. 0.]
 [0. 0. 0. 1.]]
L<-M    Extrinsic RT
 [[ 1.          0.          0.          0.3       ]
 [ 0.          1.         -0.          0.2       ]
 [ 0.          0.          1.          1.00000001]
 [ 0.          0.          0.          1.        ]]
R<-L<-M Extrinsic RT
 [[1.         0.         0.         0.3       ]
 [0.         1.         0.         0.2       ]
 [0.         0.         1.         1.00000001]
 [0.         0.         0.         1.        ]]
R<-L<-M * M_points (0,0,0)
 [[0.3        0.2        1.00000001 1.        ]
 [0.27       0.2        1.00000001 1.        ]
 [0.24       0.2        1.00000001 1.        ]
 [0.21       0.2        1.00000001 1.        ]
 [0.18       0.2        1.00000001 1.        ]]
above/Z
 [[0.3        0.2       ]
 [0.27       0.2       ]
 [0.24       0.2       ]
 [0.20999999 0.2       ]
 [0.18       0.2       ]]
norm
 [0.36055512 0.33600595 0.31240998 0.28999999 0.26907248]
reproject_point
 [[214.88026403 197.98073329]
 [256.55099109 197.07157816]
 [298.67918009 196.31635253]
 [341.17519056 195.69564664]
 [383.96305118 195.19233464]]

	calc 1 
R<-L    Extrinsic RT
 [[ 9.99999595e-01  5.28958924e-04 -7.27854998e-04  9.21872988e-02]
 [-5.28784721e-04  9.99999832e-01  2.39508757e-04  1.69429555e-03]
 [ 7.27981566e-04 -2.39123781e-04  9.99999706e-01  3.64000984e-03]
 [ 0.00000000e+00  0.00000000e+00  0.00000000e+00  1.00000000e+00]]
L<-M    Extrinsic RT
 [[ 1.          0.          0.          0.3       ]
 [ 0.          1.         -0.          0.2       ]
 [ 0.          0.          1.          1.00000001]
 [ 0.          0.          0.          1.        ]]
R<-L<-M Extrinsic RT
 [[ 9.99999595e-01  5.28958924e-04 -7.27854998e-04  3.91565114e-01]
 [-5.28784721e-04  9.99999832e-01  2.39508757e-04  2.01775135e-01]
 [ 7.27981566e-04 -2.39123781e-04  9.99999706e-01  1.00381030e+00]
 [ 0.00000000e+00  0.00000000e+00  0.00000000e+00  1.00000000e+00]]
R<-L<-M * M_points (0,0,0)
 [[0.39156511 0.20177514 1.0038103  1.        ]
 [0.36156513 0.201791   1.00378846 1.        ]
 [0.33156514 0.20180686 1.00376662 1.        ]
 [0.30156515 0.20182273 1.00374478 1.        ]
 [0.27156517 0.20183859 1.00372294 1.        ]]
above/Z
 [[0.3900788  0.20100923]
 [0.36020052 0.20102941]
 [0.33032095 0.20104958]
 [0.30044006 0.20106976]
 [0.27055789 0.20108994]]
norm
 [0.43882363 0.4125012  0.38669479 0.36151526 0.33710345]
reproject_point
 [[ 87.44557188 201.66410477]
 [127.16540448 200.09740258]
 [167.72758861 198.76368756]
 [208.98696174 197.63547047]
 [250.81790922 196.68763383]]
result
 [259.91972376 112.11927281 281.34903332 114.32841573 302.4207955
 116.38365967 323.02482165 118.40435946 343.53700986 120.20765925
 363.52109896 121.80843267 383.33121942 123.81918363 402.61205088
 125.35025499 421.40212536 127.20956595 439.23445277 129.10289837]

	calc 0 
R<-L    Extrinsic RT
 [[1. 0. 0. 0.]
 [0. 1. 0. 0.]
 [0. 0. 1. 0.]
 [0. 0. 0. 1.]]
L<-M    Extrinsic RT
 [[ 0.99949031 -0.01993644 -0.02493319 -0.02295579]
 [ 0.01646381  0.99105175 -0.13245892  0.0248442 ]
 [ 0.02735084  0.13198091  0.99087485  0.55402942]
 [ 0.          0.          0.          1.        ]]
R<-L<-M Extrinsic RT
 [[ 0.99949031 -0.01993644 -0.02493319 -0.02295579]
 [ 0.01646381  0.99105175 -0.13245892  0.0248442 ]
 [ 0.02735084  0.13198091  0.99087485  0.55402942]
 [ 0.          0.          0.          1.        ]]
R<-L<-M * M_points (0,0,0)
 [[-0.02295579  0.0248442   0.55402942  1.        ]
 [-0.0529405   0.02435029  0.55320889  1.        ]
 [-0.08292521  0.02385637  0.55238837  1.        ]
 [-0.11290992  0.02336246  0.55156784  1.        ]
 [-0.14289463  0.02286854  0.55074732  1.        ]]
above/Z
 [[-0.04143425  0.04484275]
 [-0.09569713  0.04401644]
 [-0.15012121  0.04318768]
 [-0.20470723  0.04235646]
 [-0.25945587  0.04152275]]
norm
 [0.06105464 0.10533464 0.15620997 0.20904334 0.26275747]
reproject_point
 [[ 704.16485178  418.703514  ]
 [ 783.04646136  419.94889481]
 [ 861.915102    421.23703876]
 [ 940.55776318  422.57778451]
 [1018.66355646  423.98542135]]

	calc 1 
R<-L    Extrinsic RT
 [[ 9.99999595e-01  5.28958924e-04 -7.27854998e-04  9.21872988e-02]
 [-5.28784721e-04  9.99999832e-01  2.39508757e-04  1.69429555e-03]
 [ 7.27981566e-04 -2.39123781e-04  9.99999706e-01  3.64000984e-03]
 [ 0.00000000e+00  0.00000000e+00  0.00000000e+00  1.00000000e+00]]
L<-M    Extrinsic RT
 [[ 0.99949031 -0.01993644 -0.02493319 -0.02295579]
 [ 0.01646381  0.99105175 -0.13245892  0.0248442 ]
 [ 0.02735084  0.13198091  0.99087485  0.55402942]
 [ 0.          0.          0.          1.        ]]
R<-L<-M Extrinsic RT
 [[ 0.9994787  -0.01950827 -0.02572446  0.0688414 ]
 [ 0.01594184  0.99109374 -0.13220839  0.02668333]
 [ 0.0280745   0.13172937  0.99088808  0.55764661]
 [ 0.          0.          0.          1.        ]]
R<-L<-M * M_points (0,0,0)
 [[ 0.0688414   0.02668333  0.55764661  1.        ]
 [ 0.03885704  0.02620507  0.55680438  1.        ]
 [ 0.00887268  0.02572682  0.55596214  1.        ]
 [-0.02111168  0.02524856  0.55511991  1.        ]
 [-0.05109604  0.02477031  0.55427767  1.        ]]
above/Z
 [[ 0.12344987  0.04784989]
 [ 0.06978581  0.04706334]
 [ 0.01595915  0.0462744 ]
 [-0.03803085  0.04548308]
 [-0.09218491  0.04468934]]
norm
 [0.13239895 0.08417254 0.0489491  0.05928791 0.10244606]
reproject_point
 [[461.1617805  417.33313264]
 [539.67270951 418.42064512]
 [618.5823953  419.55086626]
 [697.7665049  420.71763615]
 [777.1087275  421.92068046]]
result
 [-229.36486398 -108.6035079  -245.14643695 -108.54890091 -260.81512641
 -108.53702655 -276.35775098 -108.47777841 -291.16349543 -108.58542745
 -305.28639312 -108.87828852 -317.80520419 -108.77839512 -328.28419684
 -109.21085481 -335.6289948  -109.40365113 -338.94323662 -109.68686786]

	calc 0 
R<-L    Extrinsic RT
 [[1. 0. 0. 0.]
 [0. 1. 0. 0.]
 [0. 0. 1. 0.]
 [0. 0. 0. 1.]]
L<-M    Extrinsic RT
 [[ 0.99949031 -0.01993644 -0.0249332  -0.02295579]
 [ 0.01646381  0.99105175 -0.13245892  0.0248442 ]
 [ 0.02735085  0.13198091  0.99087485  0.55402942]
 [ 0.          0.          0.          1.        ]]
R<-L<-M Extrinsic RT
 [[ 0.99949031 -0.01993644 -0.0249332  -0.02295579]
 [ 0.01646381  0.99105175 -0.13245892  0.0248442 ]
 [ 0.02735085  0.13198091  0.99087485  0.55402942]
 [ 0.          0.          0.          1.        ]]
R<-L<-M * M_points (0,0,0)
 [[-0.02295579  0.0248442   0.55402942  1.        ]
 [-0.0529405   0.02435029  0.55320889  1.        ]
 [-0.08292521  0.02385637  0.55238837  1.        ]
 [-0.11290992  0.02336246  0.55156784  1.        ]
 [-0.14289463  0.02286854  0.55074731  1.        ]]
above/Z
 [[-0.04143425  0.04484275]
 [-0.09569713  0.04401644]
 [-0.15012121  0.04318768]
 [-0.20470723  0.04235646]
 [-0.25945588  0.04152275]]
norm
 [0.06105464 0.10533464 0.15620997 0.20904334 0.26275747]
reproject_point
 [[ 704.16485178  418.703514  ]
 [ 783.04646144  419.94889476]
 [ 861.91510229  421.23703866]
 [ 940.5577638   422.57778436]
 [1018.66355753  423.98542116]]

	calc 1 
R<-L    Extrinsic RT
 [[ 9.99999595e-01  5.28958924e-04 -7.27854998e-04  9.21872988e-02]
 [-5.28784721e-04  9.99999832e-01  2.39508757e-04  1.69429555e-03]
 [ 7.27981566e-04 -2.39123781e-04  9.99999706e-01  3.64000984e-03]
 [ 0.00000000e+00  0.00000000e+00  0.00000000e+00  1.00000000e+00]]
L<-M    Extrinsic RT
 [[ 0.99949031 -0.01993644 -0.0249332  -0.02295579]
 [ 0.01646381  0.99105175 -0.13245892  0.0248442 ]
 [ 0.02735085  0.13198091  0.99087485  0.55402942]
 [ 0.          0.          0.          1.        ]]
R<-L<-M Extrinsic RT
 [[ 0.9994787  -0.01950827 -0.02572447  0.0688414 ]
 [ 0.01594184  0.99109374 -0.13220839  0.02668333]
 [ 0.02807452  0.13172937  0.99088808  0.55764661]
 [ 0.          0.          0.          1.        ]]
R<-L<-M * M_points (0,0,0)
 [[ 0.0688414   0.02668333  0.55764661  1.        ]
 [ 0.03885704  0.02620507  0.55680438  1.        ]
 [ 0.00887268  0.02572682  0.55596214  1.        ]
 [-0.02111168  0.02524856  0.55511991  1.        ]
 [-0.05109604  0.02477031  0.55427767  1.        ]]
above/Z
 [[ 0.12344987  0.04784989]
 [ 0.06978581  0.04706334]
 [ 0.01595915  0.0462744 ]
 [-0.03803085  0.04548308]
 [-0.09218491  0.04468934]]
norm
 [0.13239895 0.08417254 0.0489491  0.05928791 0.10244606]
reproject_point
 [[461.1617805  417.33313264]
 [539.67270939 418.42064507]
 [618.5823952  419.55086615]
 [697.76650494 420.71763599]
 [777.10872781 421.92068025]]
result
 [-229.36486398 -108.6035079  -245.14643703 -108.54890086 -260.8151267
 -108.53702645 -276.35775159 -108.47777826 -291.1634965  -108.58542726
 -305.28639474 -108.87828829 -317.80520644 -108.77839486 -328.28419977
 -109.21085452 -335.62899838 -109.40365083 -338.94324075 -109.68686755]

	calc 0 
R<-L    Extrinsic RT
 [[1. 0. 0. 0.]
 [0. 1. 0. 0.]
 [0. 0. 1. 0.]
 [0. 0. 0. 1.]]
L<-M    Extrinsic RT
 [[ 0.99949031 -0.01993644 -0.02493319 -0.02295579]
 [ 0.01646381  0.99105175 -0.13245893  0.0248442 ]
 [ 0.02735084  0.13198092  0.99087485  0.55402942]
 [ 0.          0.          0.          1.        ]]
R<-L<-M Extrinsic RT
 [[ 0.99949031 -0.01993644 -0.02493319 -0.02295579]
 [ 0.01646381  0.99105175 -0.13245893  0.0248442 ]
 [ 0.02735084  0.13198092  0.99087485  0.55402942]
 [ 0.          0.          0.          1.        ]]
R<-L<-M * M_points (0,0,0)
 [[-0.02295579  0.0248442   0.55402942  1.        ]
 [-0.0529405   0.02435029  0.55320889  1.        ]
 [-0.08292521  0.02385637  0.55238837  1.        ]
 [-0.11290992  0.02336246  0.55156784  1.        ]
 [-0.14289463  0.02286854  0.55074732  1.        ]]
above/Z
 [[-0.04143425  0.04484275]
 [-0.09569713  0.04401644]
 [-0.15012121  0.04318768]
 [-0.20470723  0.04235646]
 [-0.25945587  0.04152275]]
norm
 [0.06105464 0.10533464 0.15620997 0.20904334 0.26275747]
reproject_point
 [[ 704.16485178  418.703514  ]
 [ 783.04646136  419.94889481]
 [ 861.915102    421.23703875]
 [ 940.55776319  422.5777845 ]
 [1018.66355648  423.98542134]]

	calc 1 
R<-L    Extrinsic RT
 [[ 9.99999595e-01  5.28958924e-04 -7.27854998e-04  9.21872988e-02]
 [-5.28784721e-04  9.99999832e-01  2.39508757e-04  1.69429555e-03]
 [ 7.27981566e-04 -2.39123781e-04  9.99999706e-01  3.64000984e-03]
 [ 0.00000000e+00  0.00000000e+00  0.00000000e+00  1.00000000e+00]]
L<-M    Extrinsic RT
 [[ 0.99949031 -0.01993644 -0.02493319 -0.02295579]
 [ 0.01646381  0.99105175 -0.13245893  0.0248442 ]
 [ 0.02735084  0.13198092  0.99087485  0.55402942]
 [ 0.          0.          0.          1.        ]]
R<-L<-M Extrinsic RT
 [[ 0.9994787  -0.01950827 -0.02572446  0.0688414 ]
 [ 0.01594184  0.99109374 -0.1322084   0.02668333]
 [ 0.0280745   0.13172939  0.99088808  0.55764661]
 [ 0.          0.          0.          1.        ]]
R<-L<-M * M_points (0,0,0)
 [[ 0.0688414   0.02668333  0.55764661  1.        ]
 [ 0.03885704  0.02620507  0.55680438  1.        ]
 [ 0.00887268  0.02572682  0.55596214  1.        ]
 [-0.02111168  0.02524856  0.55511991  1.        ]
 [-0.05109604  0.02477031  0.55427767  1.        ]]
above/Z
 [[ 0.12344987  0.04784989]
 [ 0.06978581  0.04706334]
 [ 0.01595915  0.0462744 ]
 [-0.03803085  0.04548308]
 [-0.09218491  0.04468934]]
norm
 [0.13239895 0.08417254 0.0489491  0.05928791 0.10244606]
reproject_point
 [[461.1617805  417.33313264]
 [539.6727095  418.42064512]
 [618.5823953  419.55086625]
 [697.7665049  420.71763614]
 [777.10872751 421.92068044]]
result
 [-229.36486398 -108.6035079  -245.14643695 -108.54890091 -260.81512642
 -108.53702655 -276.35775099 -108.4777784  -291.16349545 -108.58542744
 -305.28639315 -108.8782885  -317.80520422 -108.7783951  -328.28419689
 -109.21085479 -335.62899486 -109.40365111 -338.94323669 -109.68686783]

	calc 0 
R<-L    Extrinsic RT
 [[1. 0. 0. 0.]
 [0. 1. 0. 0.]
 [0. 0. 1. 0.]
 [0. 0. 0. 1.]]
L<-M    Extrinsic RT
 [[ 0.99949031 -0.01993645 -0.02493319 -0.02295579]
 [ 0.01646383  0.99105175 -0.13245892  0.0248442 ]
 [ 0.02735084  0.13198091  0.99087485  0.55402942]
 [ 0.          0.          0.          1.        ]]
R<-L<-M Extrinsic RT
 [[ 0.99949031 -0.01993645 -0.02493319 -0.02295579]
 [ 0.01646383  0.99105175 -0.13245892  0.0248442 ]
 [ 0.02735084  0.13198091  0.99087485  0.55402942]
 [ 0.          0.          0.          1.        ]]
R<-L<-M * M_points (0,0,0)
 [[-0.02295579  0.0248442   0.55402942  1.        ]
 [-0.0529405   0.02435029  0.55320889  1.        ]
 [-0.08292521  0.02385637  0.55238837  1.        ]
 [-0.11290992  0.02336246  0.55156784  1.        ]
 [-0.14289463  0.02286854  0.55074732  1.        ]]
above/Z
 [[-0.04143425  0.04484275]
 [-0.09569713  0.04401644]
 [-0.15012121  0.04318768]
 [-0.20470723  0.04235645]
 [-0.25945587  0.04152275]]
norm
 [0.06105464 0.10533464 0.15620997 0.20904334 0.26275747]
reproject_point
 [[ 704.16485178  418.703514  ]
 [ 783.04646135  419.94889597]
 [ 861.915102    421.23704108]
 [ 940.55776321  422.57778798]
 [1018.66355654  423.98542597]]

	calc 1 
R<-L    Extrinsic RT
 [[ 9.99999595e-01  5.28958924e-04 -7.27854998e-04  9.21872988e-02]
 [-5.28784721e-04  9.99999832e-01  2.39508757e-04  1.69429555e-03]
 [ 7.27981566e-04 -2.39123781e-04  9.99999706e-01  3.64000984e-03]
 [ 0.00000000e+00  0.00000000e+00  0.00000000e+00  1.00000000e+00]]
L<-M    Extrinsic RT
 [[ 0.99949031 -0.01993645 -0.02493319 -0.02295579]
 [ 0.01646383  0.99105175 -0.13245892  0.0248442 ]
 [ 0.02735084  0.13198091  0.99087485  0.55402942]
 [ 0.          0.          0.          1.        ]]
R<-L<-M Extrinsic RT
 [[ 0.9994787  -0.01950828 -0.02572446  0.0688414 ]
 [ 0.01594186  0.99109374 -0.13220839  0.02668333]
 [ 0.02807451  0.13172937  0.99088808  0.55764661]
 [ 0.          0.          0.          1.        ]]
R<-L<-M * M_points (0,0,0)
 [[ 0.0688414   0.02668333  0.55764661  1.        ]
 [ 0.03885704  0.02620507  0.55680438  1.        ]
 [ 0.00887268  0.02572682  0.55596214  1.        ]
 [-0.02111168  0.02524856  0.55511991  1.        ]
 [-0.05109604  0.0247703   0.55427767  1.        ]]
above/Z
 [[ 0.12344987  0.04784989]
 [ 0.06978581  0.04706333]
 [ 0.01595915  0.0462744 ]
 [-0.03803085  0.04548307]
 [-0.09218491  0.04468934]]
norm
 [0.13239895 0.08417254 0.0489491  0.0592879  0.10244606]
reproject_point
 [[461.1617805  417.33313264]
 [539.67270947 418.42064628]
 [618.58239525 419.55086858]
 [697.76650485 420.71763964]
 [777.10872747 421.92068511]]
result
 [-229.36486398 -108.6035079  -245.14643694 -108.54890207 -260.81512642
 -108.53702887 -276.35775101 -108.47778188 -291.16349551 -108.58543207
 -305.28639327 -108.87829428 -317.80520442 -108.77840199 -328.28419717
 -109.21086277 -335.62899523 -109.40366012 -338.94323717 -109.68687781]

	calc 0 
R<-L    Extrinsic RT
 [[1. 0. 0. 0.]
 [0. 1. 0. 0.]
 [0. 0. 1. 0.]
 [0. 0. 0. 1.]]
L<-M    Extrinsic RT
 [[ 0.99949031 -0.01993644 -0.02493319 -0.02295581]
 [ 0.01646381  0.99105175 -0.13245892  0.0248442 ]
 [ 0.02735084  0.13198091  0.99087485  0.55402942]
 [ 0.          0.          0.          1.        ]]
R<-L<-M Extrinsic RT
 [[ 0.99949031 -0.01993644 -0.02493319 -0.02295581]
 [ 0.01646381  0.99105175 -0.13245892  0.0248442 ]
 [ 0.02735084  0.13198091  0.99087485  0.55402942]
 [ 0.          0.          0.          1.        ]]
R<-L<-M * M_points (0,0,0)
 [[-0.02295581  0.0248442   0.55402942  1.        ]
 [-0.05294052  0.02435029  0.55320889  1.        ]
 [-0.08292522  0.02385637  0.55238837  1.        ]
 [-0.11290994  0.02336246  0.55156784  1.        ]
 [-0.14289464  0.02286854  0.55074732  1.        ]]
above/Z
 [[-0.04143428  0.04484275]
 [-0.09569715  0.04401644]
 [-0.15012124  0.04318768]
 [-0.20470725  0.04235646]
 [-0.2594559   0.04152275]]
norm
 [0.06105466 0.10533467 0.15620999 0.20904337 0.2627575 ]
reproject_point
 [[ 704.16489091  418.70351402]
 [ 783.04650047  419.94889484]
 [ 861.915141    421.23703881]
 [ 940.55780194  422.57778459]
 [1018.6635948   423.98542147]]

	calc 1 
R<-L    Extrinsic RT
 [[ 9.99999595e-01  5.28958924e-04 -7.27854998e-04  9.21872988e-02]
 [-5.28784721e-04  9.99999832e-01  2.39508757e-04  1.69429555e-03]
 [ 7.27981566e-04 -2.39123781e-04  9.99999706e-01  3.64000984e-03]
 [ 0.00000000e+00  0.00000000e+00  0.00000000e+00  1.00000000e+00]]
L<-M    Extrinsic RT
 [[ 0.99949031 -0.01993644 -0.02493319 -0.02295581]
 [ 0.01646381  0.99105175 -0.13245892  0.0248442 ]
 [ 0.02735084  0.13198091  0.99087485  0.55402942]
 [ 0.          0.          0.          1.        ]]
R<-L<-M Extrinsic RT
 [[ 0.9994787  -0.01950827 -0.02572446  0.06884139]
 [ 0.01594184  0.99109374 -0.13220839  0.02668333]
 [ 0.0280745   0.13172937  0.99088808  0.55764661]
 [ 0.          0.          0.          1.        ]]
R<-L<-M * M_points (0,0,0)
 [[ 0.06884139  0.02668333  0.55764661  1.        ]
 [ 0.03885703  0.02620507  0.55680438  1.        ]
 [ 0.00887267  0.02572682  0.55596214  1.        ]
 [-0.0211117   0.02524856  0.55511991  1.        ]
 [-0.05109605  0.02477031  0.55427767  1.        ]]
above/Z
 [[ 0.12344985  0.04784989]
 [ 0.06978578  0.04706334]
 [ 0.01595912  0.0462744 ]
 [-0.03803088  0.04548308]
 [-0.09218494  0.04468934]]
norm
 [0.13239893 0.08417252 0.0489491  0.05928792 0.10244608]
reproject_point
 [[461.16181953 417.33313257]
 [539.67274871 418.42064508]
 [618.58243461 419.55086623]
 [697.76654426 420.71763614]
 [777.10876685 421.92068046]]
result
 [-229.36490312 -108.60350791 -245.14647606 -108.54890095 -260.81516541
 -108.53702661 -276.35778974 -108.47777849 -291.16353377 -108.58542757
 -305.28643078 -108.87828869 -317.80524082 -108.77839535 -328.28423197
 -109.21085512 -335.62902782 -109.40365153 -338.94326678 -109.68686836]

	calc 0 
R<-L    Extrinsic RT
 [[1. 0. 0. 0.]
 [0. 1. 0. 0.]
 [0. 0. 1. 0.]
 [0. 0. 0. 1.]]
L<-M    Extrinsic RT
 [[ 0.99949031 -0.01993644 -0.02493319 -0.02295579]
 [ 0.01646381  0.99105175 -0.13245892  0.02484422]
 [ 0.02735084  0.13198091  0.99087485  0.55402942]
 [ 0.          0.          0.          1.        ]]
R<-L<-M Extrinsic RT
 [[ 0.99949031 -0.01993644 -0.02493319 -0.02295579]
 [ 0.01646381  0.99105175 -0.13245892  0.02484422]
 [ 0.02735084  0.13198091  0.99087485  0.55402942]
 [ 0.          0.          0.          1.        ]]
R<-L<-M * M_points (0,0,0)
 [[-0.02295579  0.02484422  0.55402942  1.        ]
